1000 4000
0 332 222
0 528 16
0 542 137
0 555 71
0 616 258
0 617 73
0 754 289
0 984 189
0 997 211
1 41 245
1 143 19
1 763 34
2 568 222
2 960 68
3 432 105
3 754 22
3 945 181
4 45 25
5 47 94
5 176 179
5 411 293
6 262 35
6 388 217
6 491 70
6 543 129
7 22 264
7 284 247
7 337 157
7 370 121
7 463 160
7 477 0
8 227 135
8 541 225
8 619 271
8 790 57
8 896 9
8 917 102
9 157 72
9 635 95
9 656 43
9 743 267
9 941 131
10 17 232
10 987 264
11 100 128
11 514 142
11 560 234
11 637 286
11 763 121
11 879 134
11 925 28
11 976 47
12 34 144
12 411 259
12 539 290
12 752 38
12 810 120
12 914 64
13 452 170
13 788 79
13 925 161
14 7 73
14 914 212
15 118 184
15 372 143
15 976 216
16 50 193
16 92 205
16 172 32
16 664 259
16 860 297
17 180 57
17 402 69
17 855 23
17 932 212
18 247 146
18 368 17
18 464 119
18 621 124
18 716 261
18 776 220
19 70 267
19 125 176
19 680 293
19 761 256
20 25 34
20 411 54
21 283 122
21 425 52
22 73 294
22 273 41
23 38 261
23 226 3
23 260 164
23 272 128
23 476 63
23 709 157
24 154 110
24 467 250
24 511 285
24 895 245
25 355 101
25 667 111
27 84 175
27 148 193
27 205 218
27 217 185
27 361 52
27 408 145
28 101 268
28 119 177
28 200 80
28 319 284
28 453 9
28 486 153
28 543 147
28 614 60
28 631 189
29 117 224
29 827 254
29 987 142
30 249 75
30 326 211
30 345 216
30 413 68
30 756 265
30 806 109
31 66 29
31 252 53
31 268 226
32 65 216
32 223 287
32 387 184
32 508 96
32 917 230
32 988 39
33 57 65
33 600 64
33 773 294
34 842 107
34 939 4
35 179 154
35 285 228
35 565 126
35 673 134
36 47 105
36 600 166
36 984 112
37 35 199
37 195 230
37 270 262
37 859 23
37 902 235
38 12 184
38 170 262
38 179 190
38 388 155
38 884 159
39 163 100
40 313 275
40 424 1
40 488 185
40 531 33
40 710 138
40 942 64
40 986 34
41 125 234
41 467 34
41 485 63
42 187 142
42 317 145
42 357 241
42 750 49
43 103 123
43 564 279
43 742 21
44 258 35
44 342 267
44 502 157
44 591 103
44 699 262
45 435 292
46 627 244
47 44 209
47 73 165
47 405 290
47 581 82
47 785 131
47 831 286
47 981 255
47 990 240
48 26 140
48 51 70
48 358 180
48 469 130
48 529 190
48 565 21
48 655 7
48 760 180
48 768 224
48 848 104
48 930 273
49 5 86
49 106 194
49 206 1
49 396 26
49 518 267
50 26 266
50 610 291
50 642 54
50 655 119
50 679 268
51 327 30
51 391 34
51 736 55
51 864 177
52 295 120
52 350 250
52 565 91
52 731 287
52 771 256
53 2 231
53 7 269
53 43 122
53 385 239
53 708 208
54 167 12
54 285 285
54 517 192
54 972 8
55 393 38
55 598 172
55 787 224
55 913 162
56 509 133
56 656 62
56 826 2
56 892 250
56 990 182
58 398 131
58 439 203
58 494 154
58 682 217
59 483 21
60 175 74
60 926 10
61 10 280
61 167 103
61 360 67
61 647 239
61 655 215
61 868 221
61 904 38
61 952 170
62 411 11
62 444 159
63 117 117
63 229 252
63 584 25
63 591 234
63 681 103
63 756 107
63 923 211
64 215 293
64 518 299
65 65 113
65 106 265
65 152 113
65 705 227
65 706 20
65 881 274
65 903 232
66 460 291
66 996 73
67 415 45
67 778 273
67 848 175
69 378 127
69 573 44
70 453 204
71 658 22
71 775 9
72 317 158
72 818 10
72 929 241
73 79 9
73 220 137
73 353 81
73 461 73
73 504 162
73 552 115
74 20 27
74 149 130
74 253 22
74 333 15
74 431 252
74 549 274
74 722 11
74 759 150
75 71 190
75 266 229
75 515 121
75 545 212
75 694 187
75 815 37
75 913 242
76 58 293
77 9 103
77 51 203
77 559 59
77 784 75
78 274 10
78 724 181
79 973 69
80 298 291
80 868 111
81 3 30
81 63 44
81 382 89
81 580 107
82 0 160
82 24 200
82 139 167
82 423 255
82 455 97
82 692 208
82 806 136
82 831 239
82 982 131
83 389 35
83 552 298
83 692 32
83 719 296
84 95 25
84 469 207
84 535 0
84 592 125
84 620 191
85 181 229
85 250 291
85 420 131
85 652 251
85 734 290
85 752 221
86 117 241
86 231 80
87 230 142
87 681 164
88 245 231
88 273 115
88 467 175
88 563 34
88 854 213
88 935 279
88 943 37
89 98 197
89 151 104
89 296 250
89 503 66
89 536 43
89 688 214
89 958 138
90 34 115
90 135 100
90 164 297
90 330 281
90 461 132
90 497 189
90 713 231
91 651 87
91 808 18
92 714 173
93 374 69
93 435 24
93 444 109
93 565 136
93 584 187
93 608 172
93 891 222
93 936 246
94 328 37
94 513 238
94 582 167
94 592 70
94 846 43
94 983 64
95 7 56
95 174 238
95 684 16
96 33 293
97 551 295
97 836 91
98 281 69
98 314 120
98 773 227
98 967 94
99 42 55
99 332 144
99 363 45
99 491 40
99 527 225
99 881 223
99 898 174
99 998 3
100 400 258
100 462 283
100 551 276
100 759 42
100 761 117
100 958 171
101 31 140
101 171 105
101 555 185
102 286 268
102 438 0
102 499 217
102 750 88
102 945 76
103 352 179
103 358 238
104 32 216
104 40 237
104 484 243
104 768 68
105 403 149
105 412 165
105 621 295
105 697 217
105 726 101
106 258 97
106 285 50
106 752 221
107 266 157
107 463 16
107 629 113
107 912 232
108 306 247
109 96 281
109 389 283
109 730 90
109 731 287
109 752 290
110 57 166
110 168 117
110 197 197
111 182 156
111 602 222
111 650 249
111 704 235
112 122 229
112 231 177
112 524 34
112 576 145
112 717 96
113 389 210
113 422 245
113 693 1
114 129 93
114 980 258
115 56 40
115 679 10
115 839 58
116 723 85
116 978 6
117 215 255
117 467 70
117 717 3
117 943 27
118 65 263
118 82 129
118 205 40
118 243 88
118 900 0
119 17 213
119 138 66
119 650 193
119 741 132
120 28 256
120 526 206
120 716 138
120 912 97
121 202 45
121 733 213
121 782 82
121 972 196
122 53 197
122 547 277
123 244 182
123 443 231
124 507 207
124 607 74
124 951 105
124 997 54
125 118 137
125 485 62
125 532 278
125 905 207
126 410 77
126 595 295
126 825 259
127 45 100
127 127 11
127 571 214
127 633 40
127 964 140
128 39 27
128 62 226
128 245 139
128 434 141
128 465 229
129 229 65
129 640 260
129 753 179
130 255 266
131 388 44
132 358 288
132 945 193
133 97 79
133 175 241
133 452 200
133 930 246
134 401 78
134 553 33
134 671 257
135 258 193
135 930 134
136 52 82
136 65 5
136 455 162
136 499 75
136 630 114
136 680 198
137 351 231
137 483 41
137 507 193
137 633 241
137 890 63
137 915 188
138 310 267
138 425 199
139 228 280
139 546 262
139 666 37
139 838 281
139 898 173
140 531 286
140 638 191
140 666 132
140 887 188
140 888 54
141 139 88
141 285 77
141 588 181
141 670 45
141 910 196
142 444 155
142 842 160
142 844 216
144 159 16
144 561 280
144 703 149
144 748 115
145 3 252
145 53 9
145 370 13
145 446 0
145 481 14
145 497 266
145 729 159
145 840 233
145 861 51
146 328 155
146 690 149
146 693 91
146 964 86
147 162 155
148 130 4
148 356 124
148 412 292
148 510 196
149 14 295
149 135 90
149 168 138
149 190 46
149 257 212
149 333 65
150 432 172
151 666 83
152 54 145
152 87 70
152 630 272
152 800 87
153 27 91
153 232 247
153 520 90
154 333 56
154 433 254
154 466 133
154 529 52
154 552 43
154 593 259
154 685 250
154 721 89
154 861 234
155 191 290
155 361 264
155 587 257
155 728 55
156 17 200
156 134 60
156 298 149
156 345 51
156 388 246
156 803 166
156 820 132
156 981 95
157 196 218
157 289 292
157 430 23
157 647 182
157 668 256
158 22 246
158 58 94
158 375 44
158 464 262
158 606 138
159 42 139
159 833 170
159 983 165
160 294 54
160 405 25
160 505 153
160 678 136
161 197 195
161 234 58
161 293 247
161 324 71
161 524 249
161 620 143
161 746 38
161 896 41
162 358 20
162 506 278
162 537 251
162 771 237
162 955 83
163 448 96
163 467 92
163 612 274
164 58 111
164 542 119
164 704 118
165 545 227
165 645 20
166 449 22
166 700 267
166 893 174
166 938 126
167 270 138
167 520 160
168 18 187
168 55 91
168 81 271
168 141 162
168 315 196
168 485 134
168 521 98
170 483 217
170 494 116
170 766 242
171 22 144
171 166 96
171 489 240
171 603 142
171 621 288
171 654 247
171 851 95
172 48 23
172 968 58
173 17 278
173 454 109
174 477 254
174 582 239
174 819 43
174 984 259
175 36 261
175 354 48
175 459 125
175 581 87
176 701 115
177 726 222
177 734 120
177 773 170
177 801 3
178 273 89
178 464 57
178 579 158
178 658 284
178 739 3
179 188 73
179 291 171
179 595 69
179 635 57
181 760 174
182 58 126
182 66 16
182 95 28
182 285 88
182 301 93
182 344 242
182 391 195
182 467 220
183 135 228
183 177 120
183 345 28
183 347 23
183 415 248
183 658 195
183 798 292
183 933 295
184 74 19
184 75 182
184 121 206
184 449 128
184 649 50
184 658 84
184 928 94
185 38 253
185 53 12
185 516 108
186 96 248
186 437 298
187 83 85
187 360 213
187 462 143
187 640 179
187 807 209
187 863 261
188 821 164
189 100 12
189 372 219
189 544 51
189 707 35
189 787 290
190 381 110
190 584 6
191 248 22
191 301 78
191 406 104
191 471 259
192 121 119
192 454 269
192 546 164
192 552 17
192 554 224
192 714 241
193 8 254
193 195 297
193 620 197
193 842 222
193 882 276
193 958 279
194 526 78
194 605 259
195 158 7
195 219 84
195 485 93
195 525 64
196 462 233
196 513 31
196 583 250
196 783 28
196 948 172
197 136 243
197 505 136
197 509 252
197 545 154
197 569 33
197 662 228
198 280 179
198 467 81
198 496 286
199 410 213
199 645 172
199 655 250
199 668 184
199 776 61
199 835 273
199 855 263
200 41 260
200 458 18
200 643 256
200 667 72
200 854 90
201 328 42
201 794 184
202 8 134
202 48 6
202 105 38
202 176 280
202 625 77
202 658 2
203 277 125
203 309 208
203 681 223
203 712 117
203 995 62
204 177 205
204 192 109
204 446 212
204 486 119
204 542 24
204 777 289
205 524 178
205 558 123
205 975 39
205 997 46
206 106 102
206 613 169
206 911 14
206 929 93
207 259 206
207 355 296
208 395 226
208 477 203
208 646 76
208 844 169
209 450 180
209 458 225
209 492 299
209 497 283
209 886 6
211 66 227
211 754 180
212 65 19
212 288 182
212 834 249
213 406 70
213 594 107
213 627 2
214 223 157
214 282 7
214 751 232
215 22 187
215 58 275
215 213 149
215 604 244
216 79 268
216 158 227
216 583 133
216 626 57
216 722 42
217 68 35
217 565 242
217 624 84
217 940 12
218 369 172
218 706 34
218 838 144
218 865 33
219 479 217
219 627 88
219 671 264
219 717 193
220 715 244
220 891 23
221 237 104
221 680 237
221 848 168
221 870 126
221 964 181
222 129 61
222 439 141
222 647 250
222 754 52
222 815 60
223 637 149
223 712 86
223 759 34
223 796 131
224 8 144
224 81 295
224 908 37
225 9 112
225 256 240
225 262 282
225 738 209
226 603 204
226 994 145
227 197 292
227 205 191
227 382 210
227 940 140
228 541 59
228 560 267
228 722 268
228 753 109
229 298 256
229 373 200
229 560 218
229 716 132
230 157 181
230 429 124
230 582 111
230 611 109
230 614 198
230 665 52
230 841 225
230 954 101
231 619 180
232 575 232
232 812 31
232 834 241
233 421 161
233 594 76
233 722 271
233 962 190
234 115 210
234 266 247
234 570 5
234 606 180
235 290 112
235 407 177
235 833 211
236 12 74
236 459 243
236 469 124
237 359 39
237 443 13
237 530 13
237 850 159
238 122 23
238 456 103
238 911 52
238 988 175
239 893 53
240 27 10
240 517 206
240 581 123
240 813 74
241 39 193
241 421 188
241 641 246
241 798 189
241 803 6
242 182 71
242 332 42
242 618 170
243 338 84
243 929 14
244 549 294
244 592 261
244 844 149
245 59 169
245 338 144
245 386 251
245 473 74
245 764 238
246 778 89
246 781 103
247 99 250
247 584 148
248 111 275
248 242 48
248 479 7
248 539 265
248 637 157
248 975 130
249 158 148
249 179 79
249 426 140
249 523 258
249 667 28
249 817 218
250 58 21
250 644 152
250 670 245
250 778 60
250 896 196
251 73 147
251 96 198
251 234 62
251 351 90
251 523 165
251 578 98
251 675 136
251 724 276
251 738 170
251 807 230
252 12 220
252 321 240
252 857 165
252 912 241
253 83 20
253 117 177
253 293 21
253 327 259
253 413 56
253 676 203
253 777 148
253 868 47
253 924 21
254 126 213
254 354 42
255 64 210
255 396 220
255 684 135
255 814 150
256 148 24
256 188 116
256 454 3
256 730 131
256 802 248
256 910 72
256 928 15
257 88 129
257 333 293
257 465 243
257 590 59
257 719 173
257 750 114
257 792 226
258 419 245
258 859 171
258 873 276
259 33 156
259 82 289
259 313 35
259 366 185
260 45 78
260 158 25
260 199 70
260 202 16
260 531 253
260 883 273
260 982 36
261 578 78
262 233 54
262 409 107
262 420 270
262 444 49
262 519 185
262 534 131
263 74 192
263 313 55
263 461 246
263 659 240
264 181 3
264 497 143
264 623 15
264 709 103
264 714 46
264 801 23
264 966 31
264 973 279
265 370 136
265 590 291
265 840 79
266 387 231
266 463 213
267 312 134
267 509 10
267 749 65
267 751 219
268 374 52
268 458 76
268 554 250
268 713 66
268 808 259
269 175 239
269 180 223
269 248 137
269 388 129
269 479 238
269 552 135
269 834 247
269 886 30
270 329 161
270 452 75
270 632 104
270 679 225
270 715 100
270 829 77
270 919 49
271 87 199
271 268 193
271 283 164
271 287 99
271 825 228
271 842 294
271 869 261
271 943 166
271 945 121
271 988 231
272 55 228
272 434 144
272 703 286
273 31 272
273 34 33
273 723 289
273 792 293
273 875 222
274 116 281
274 133 85
274 183 261
274 747 95
274 884 229
275 84 182
275 221 176
276 265 75
276 309 291
276 506 2
276 597 234
276 924 152
278 27 3
278 80 234
278 489 235
278 568 233
278 859 52
279 498 67
279 776 22
279 882 108
280 638 267
281 85 152
281 272 257
281 589 98
281 734 53
281 746 299
281 827 61
282 196 180
282 326 258
282 339 27
282 534 296
283 160 153
283 667 236
284 253 27
284 944 259
285 200 190
285 325 18
285 426 170
285 550 140
285 762 2
285 900 168
286 64 100
286 277 42
286 523 266
286 535 296
287 0 186
287 27 120
287 41 226
287 208 238
287 340 166
287 393 27
287 699 110
287 753 183
287 847 204
287 863 179
288 384 221
288 925 195
289 647 181
289 690 33
289 713 141
289 944 165
290 59 184
290 98 258
290 241 64
290 293 296
290 311 40
290 339 54
290 795 52
291 166 261
291 641 265
292 159 51
292 382 21
292 439 153
292 492 54
292 600 78
292 962 114
292 997 149
293 716 128
293 855 134
294 450 249
294 589 124
294 798 194
295 168 125
295 906 14
296 202 73
296 268 146
296 281 221
296 546 80
296 658 186
296 710 289
296 714 5
296 782 129
296 834 23
296 916 78
296 939 144
297 91 124
297 340 123
297 433 140
297 654 128
298 39 83
298 343 134
298 582 52
298 682 175
299 56 28
299 330 194
299 444 197
299 730 175
299 890 93
300 413 141
300 424 264
300 768 123
301 344 27
301 387 127
301 702 244
301 768 247
302 120 259
302 612 121
302 683 90
302 714 129
303 281 252
303 375 67
303 422 98
303 634 203
303 925 228
304 4 40
304 237 285
304 368 296
304 378 191
304 512 216
304 672 21
305 1 234
306 39 73
306 126 257
306 396 286
307 481 112
307 518 33
307 793 104
307 997 251
309 364 233
309 415 202
310 671 278
310 940 199
310 974 90
311 257 293
311 667 117
311 850 295
311 904 245
312 99 161
312 170 15
312 204 102
312 250 275
312 618 157
312 862 220
313 474 122
313 698 189
313 756 121
313 838 117
314 173 69
314 350 86
314 456 147
314 503 248
314 626 17
314 651 40
315 235 171
315 312 197
316 35 290
316 59 258
316 94 47
316 122 25
316 403 48
316 429 261
316 581 277
316 671 86
316 854 286
316 890 167
316 996 89
317 134 253
317 213 109
317 903 130
317 914 95
318 81 258
318 114 113
318 135 276
318 201 142
318 390 124
318 432 13
318 602 107
318 726 211
318 858 50
318 870 1
318 963 13
319 272 291
319 634 236
319 750 228
319 881 126
320 165 131
321 104 146
321 592 97
321 655 227
321 818 205
322 333 273
322 486 108
323 37 138
323 132 172
323 153 48
323 341 249
323 445 203
323 537 238
323 540 179
323 569 224
324 444 170
324 767 166
325 140 191
325 313 123
326 948 244
327 42 110
327 274 60
327 413 154
327 488 177
328 288 39
328 936 204
330 48 228
330 91 111
330 733 23
330 961 47
331 75 104
331 376 83
331 746 70
331 805 151
331 861 100
331 943 208
331 970 253
332 866 58
333 105 287
333 146 29
333 559 227
333 721 246
333 867 53
334 1 37
334 296 176
334 588 99
334 620 71
334 874 72
335 72 0
335 190 277
335 460 105
335 485 0
335 592 218
335 616 57
335 759 169
336 397 218
336 665 233
337 278 93
337 566 132
337 623 164
337 653 168
337 721 75
338 342 28
338 424 70
338 963 235
339 336 221
339 552 130
340 487 299
340 501 135
340 686 21
340 888 170
341 93 48
341 813 246
342 780 77
343 446 232
343 523 87
343 593 80
343 731 251
344 736 137
344 863 249
345 103 30
346 891 37
347 396 66
347 402 265
348 281 32
348 453 203
348 624 292
348 831 150
349 702 7
349 827 54
350 6 201
350 138 72
350 315 136
350 333 125
350 606 195
350 832 273
351 129 37
351 140 25
351 199 3
351 329 90
351 347 73
351 816 94
352 641 244
352 658 179
352 793 239
353 465 45
353 942 204
355 15 231
355 232 65
355 771 9
356 71 280
356 72 250
356 388 252
357 70 271
357 241 250
357 532 203
357 599 90
357 886 9
358 74 87
358 111 181
358 124 8
358 436 269
358 737 145
360 38 288
360 814 154
360 908 198
361 132 228
361 255 266
361 397 153
361 742 294
361 760 84
361 770 213
361 928 59
362 406 260
363 28 284
363 300 5
363 628 29
363 721 265
363 967 36
364 141 199
364 381 90
364 498 108
364 975 26
365 75 86
365 111 217
365 334 49
365 397 268
365 718 35
365 756 284
365 874 220
366 33 285
366 290 227
366 465 232
366 592 88
367 140 103
367 385 202
368 41 17
368 282 48
368 421 258
368 441 172
369 244 194
369 538 104
369 878 159
370 607 96
370 676 243
370 850 144
370 923 298
371 137 233
371 176 286
371 444 7
371 466 178
371 794 285
371 986 262
372 31 106
372 32 89
372 563 28
372 688 151
372 876 290
373 31 104
373 289 85
373 480 73
373 652 94
373 666 60
373 750 260
374 108 35
374 548 283
374 849 152
376 255 42
376 529 31
376 901 213
376 931 208
376 945 253
377 130 287
377 246 120
377 350 48
377 519 83
377 998 86
378 419 51
379 590 35
379 943 177
380 8 67
380 165 246
380 355 268
380 374 84
380 430 11
380 570 139
380 913 264
381 65 172
381 779 2
381 946 209
382 140 216
382 169 36
382 260 189
382 261 295
382 271 69
382 836 219
383 133 275
383 720 144
383 846 243
384 405 240
384 920 187
385 967 16
386 687 129
386 833 260
386 972 102
387 20 30
387 21 202
387 444 86
387 759 62
387 879 0
387 957 203
388 77 213
388 425 201
388 675 243
388 915 250
388 954 102
389 75 212
389 625 229
389 668 188
389 932 119
390 61 187
390 199 85
390 250 86
390 425 155
390 632 89
390 991 68
391 18 20
391 139 35
391 148 246
392 32 8
392 37 25
392 570 19
392 752 224
392 963 62
393 33 31
393 65 128
393 249 294
393 548 129
393 704 166
394 159 123
394 180 197
394 291 171
394 490 248
394 506 116
394 948 86
395 102 116
395 197 8
395 583 33
396 339 86
396 706 205
396 853 58
397 96 94
397 125 206
397 424 68
397 751 201
398 244 259
398 500 182
398 505 239
398 760 98
398 851 188
399 282 286
399 567 197
399 623 200
400 24 93
400 179 117
400 861 263
401 199 127
401 789 255
401 796 272
401 826 292
402 115 192
402 189 187
402 411 257
402 923 231
402 935 241
403 42 0
403 252 118
403 367 299
403 672 76
403 960 162
404 213 132
404 729 15
405 53 271
405 346 125
405 626 253
405 826 216
406 162 145
406 222 286
406 295 286
406 427 113
406 510 13
406 684 54
406 823 243
406 918 168
407 804 207
408 415 108
409 463 249
410 461 234
410 463 248
410 470 249
411 40 250
411 233 126
411 368 48
411 984 147
412 0 64
412 377 223
412 441 230
412 840 270
413 98 146
413 400 16
414 314 24
414 944 257
414 994 129
415 16 15
415 85 18
415 96 222
415 377 194
415 399 55
415 644 36
415 656 61
415 741 156
415 765 30
416 286 205
416 452 208
416 649 177
416 665 152
416 774 256
416 827 169
416 893 149
417 463 153
417 581 122
418 385 101
418 489 159
418 619 291
418 622 119
418 900 228
419 526 83
419 565 205
419 648 289
420 225 281
420 254 153
420 345 83
420 832 25
420 882 32
421 145 291
421 310 17
421 445 10
421 461 1
421 716 162
421 912 267
421 945 265
422 6 226
422 592 113
422 936 273
422 946 206
423 2 85
423 279 196
423 527 200
423 815 9
423 883 113
423 890 217
423 918 66
424 565 272
424 678 252
425 184 15
425 430 251
425 493 91
425 524 218
425 614 112
425 867 289
426 95 6
426 362 263
426 606 73
426 617 57
427 355 60
427 743 104
428 124 181
428 681 190
429 404 105
429 555 210
430 107 191
430 238 191
430 266 205
430 794 122
430 831 295
431 86 95
431 286 160
431 476 91
432 227 160
432 535 8
432 799 220
432 896 167
432 955 205
433 255 265
433 260 25
433 740 101
433 843 72
434 549 241
435 546 59
435 549 217
435 693 72
435 976 140
436 670 262
436 825 52
437 303 23
437 695 279
437 734 184
437 815 175
437 866 49
437 922 287
438 274 126
438 656 65
438 860 73
438 978 138
438 981 147
439 48 165
439 535 1
439 718 107
439 778 238
439 880 135
439 958 122
440 89 94
440 375 262
441 53 23
441 683 188
441 936 267
442 280 116
442 361 183
442 444 233
442 735 289
442 979 207
442 984 72
443 47 253
443 188 227
443 245 96
443 296 73
443 438 118
443 448 292
443 676 83
444 224 278
444 415 14
444 621 105
444 881 175
444 936 78
445 523 143
445 609 114
446 182 135
446 577 117
447 40 218
447 347 19
447 427 3
447 726 71
447 846 71
448 106 184
448 632 241
448 636 53
449 238 55
449 436 299
449 491 160
449 924 72
450 746 36
450 801 61
451 115 104
452 93 241
452 149 100
452 169 162
452 275 141
452 284 205
452 645 295
452 681 33
452 754 182
452 946 221
454 971 190
454 992 2
455 358 147
455 544 44
455 725 171
455 947 124
455 979 178
456 148 44
456 388 66
456 405 131
456 535 11
457 601 168
458 39 105
458 71 106
458 79 288
458 127 230
458 594 71
459 768 185
460 184 191
460 253 250
460 428 93
460 512 0
460 652 71
461 290 162
461 295 252
461 519 113
462 402 139
462 611 277
463 53 205
463 134 172
463 331 1
463 508 249
463 920 66
463 963 197
464 74 146
464 194 284
464 501 80
464 537 158
464 557 162
464 643 119
464 705 245
465 239 106
465 523 0
465 762 139
465 772 114
465 783 153
466 44 59
466 235 59
466 262 49
466 662 292
467 83 100
467 425 150
467 541 29
467 728 193
468 70 43
468 184 217
468 425 204
468 629 43
468 802 88
468 882 119
469 86 75
469 330 123
469 519 241
469 881 39
469 982 13
470 175 196
470 183 189
470 199 15
470 320 288
470 384 247
470 610 5
471 205 230
471 344 130
471 428 59
471 778 140
472 286 166
472 402 276
472 407 294
472 479 93
472 645 292
472 972 30
472 983 285
473 84 160
473 976 150
474 445 88
474 633 191
474 708 46
474 781 142
474 920 72
474 972 121
475 352 0
475 615 128
476 154 135
476 381 147
477 108 113
477 209 263
477 493 95
478 358 262
478 939 138
479 573 106
479 707 145
479 716 0
479 803 99
480 405 82
481 144 96
481 500 280
481 579 23
482 5 236
482 89 242
482 104 53
482 508 2
483 595 141
483 911 235
484 774 280
485 55 272
485 464 223
485 592 122
485 619 146
485 822 203
486 25 264
486 199 120
486 556 103
486 602 237
486 677 69
486 996 6
487 196 233
487 297 18
487 326 276
487 341 261
487 577 74
487 670 128
487 728 29
487 764 13
488 215 8
488 282 155
488 319 189
488 520 1
488 664 273
488 682 41
488 763 20
489 165 21
489 425 184
489 758 290
489 766 187
489 796 148
489 948 82
489 958 141
490 103 250
490 197 156
490 375 246
490 604 101
490 925 124
490 972 18
491 252 9
491 482 129
491 647 17
491 811 214
491 933 29
491 934 152
491 995 242
492 142 122
492 193 52
492 297 273
492 320 299
492 433 140
493 41 49
493 68 66
493 146 221
493 515 69
493 927 269
494 571 6
495 552 235
495 566 156
495 741 22
495 811 93
496 646 183
496 942 272
497 188 72
497 338 76
497 711 291
498 28 246
498 223 90
498 369 191
498 797 141
499 222 133
499 792 213
500 169 124
500 970 239
501 34 129
501 482 47
501 850 228
502 141 187
502 224 196
502 277 262
502 374 6
502 541 4
502 617 99
502 928 121
503 32 51
503 221 163
503 232 0
503 362 108
503 472 20
503 511 74
503 729 7
503 861 231
504 281 146
504 392 285
504 483 166
504 529 98
504 748 158
504 837 53
504 979 38
505 157 2
505 337 104
505 440 283
505 702 58
506 88 156
506 158 189
506 767 253
507 40 123
507 153 74
507 349 151
507 360 127
507 622 227
508 80 240
508 135 215
508 185 238
508 460 182
508 489 258
508 753 197
508 961 59
509 80 179
509 97 262
509 292 277
509 300 195
509 343 0
509 822 278
509 974 241
510 422 174
510 946 165
511 125 138
511 202 234
511 954 35
511 976 205
511 992 224
512 98 272
512 145 60
512 482 115
512 593 230
513 126 197
513 259 151
513 408 94
514 147 262
514 290 16
514 336 83
514 505 44
514 523 229
514 785 227
514 799 110
515 621 293
515 787 90
515 859 40
515 935 88
515 964 242
516 149 15
516 726 166
516 786 234
517 282 271
518 159 218
518 220 135
518 262 44
518 349 147
518 509 264
519 481 70
519 596 15
519 809 201
520 728 288
520 792 265
520 940 160
521 61 44
522 149 277
522 242 12
522 685 284
522 882 10
522 911 80
523 371 227
523 539 209
524 215 99
524 442 154
524 988 93
525 80 217
525 213 24
525 483 138
525 746 244
525 845 299
525 904 195
525 953 192
525 975 189
526 357 237
526 386 10
526 937 166
526 959 260
527 137 243
527 282 293
527 540 86
527 807 294
528 366 272
528 491 297
528 748 179
529 132 9
529 540 205
529 788 109
529 981 12
530 131 210
530 209 120
530 605 290
530 618 148
530 630 276
531 204 195
531 461 10
531 570 110
531 806 268
531 829 282
532 283 273
532 761 69
532 963 207
533 782 212
533 828 284
535 397 25
535 450 73
535 502 263
536 279 94
536 281 270
536 429 288
536 763 216
536 980 116
537 560 149
537 598 177
537 623 222
537 629 89
537 695 225
537 743 233
537 814 263
538 113 256
538 351 247
538 469 183
538 782 54
538 869 112
539 299 75
539 365 21
539 585 241
540 245 8
540 297 242
540 443 156
540 725 150
540 795 66
541 259 31
541 355 35
541 416 77
541 755 39
541 833 215
542 63 247
542 567 149
542 659 187
542 998 186
543 306 132
543 373 266
543 848 226
543 924 223
544 50 241
544 165 203
544 344 75
544 605 24
545 317 45
545 813 295
546 260 127
546 556 70
546 678 269
546 759 203
547 258 84
547 346 226
547 951 7
549 280 45
549 300 201
549 348 77
549 496 284
549 546 139
549 578 279
549 806 4
549 888 123
550 16 260
550 339 138
550 353 281
551 110 257
551 487 26
552 95 21
552 492 53
552 773 170
553 228 64
553 271 55
553 976 170
554 980 88
554 988 241
555 482 53
555 814 31
555 832 81
555 905 289
555 917 171
556 42 140
556 170 50
556 531 295
556 561 127
556 798 3
556 973 116
556 974 147
557 435 12
557 476 292
557 980 291
558 143 261
558 646 82
558 914 30
559 589 270
559 932 96
559 953 207
561 56 6
561 350 247
561 563 104
561 568 13
561 739 184
561 932 258
561 991 152
562 125 21
562 354 102
563 400 41
564 12 240
565 599 51
565 650 32
565 762 273
565 965 87
566 582 231
566 694 31
566 955 57
567 54 177
567 310 66
567 493 96
567 577 54
568 30 138
568 538 74
568 684 161
568 797 225
568 994 279
569 120 93
569 535 62
569 581 243
569 638 63
569 807 135
569 808 31
569 816 83
569 959 228
570 38 12
570 211 135
570 233 254
570 337 235
571 60 104
571 500 77
571 886 205
572 67 38
572 221 122
572 249 240
572 257 270
572 284 26
572 411 16
572 514 166
573 97 12
573 465 205
573 589 261
573 705 44
573 733 52
573 908 209
574 454 69
574 500 66
575 90 38
575 154 270
575 290 125
575 337 76
575 617 290
575 762 267
576 227 43
576 539 122
576 540 223
576 763 198
576 811 108
577 671 22
577 675 205
577 750 207
578 74 295
578 187 113
578 640 64
578 931 144
578 948 106
578 949 105
578 956 277
579 224 28
579 432 248
579 673 10
579 837 88
580 85 13
580 127 50
580 299 148
580 331 67
580 477 16
580 740 30
580 796 98
580 870 290
580 875 207
580 919 126
581 144 140
582 202 175
582 578 59
583 399 235
583 591 45
583 930 165
584 252 286
584 433 100
584 447 268
584 734 54
584 738 288
584 790 17
584 951 1
585 41 123
585 89 107
585 216 250
585 289 271
585 702 273
586 91 58
586 108 77
586 495 122
586 807 226
586 929 131
586 987 171
587 80 85
587 88 197
587 102 84
587 531 39
587 629 218
588 955 45
589 1 115
589 20 255
589 597 36
589 683 209
590 480 8
591 28 261
591 403 264
591 562 276
591 848 235
591 897 113
591 949 235
592 135 126
592 311 257
592 536 20
592 921 240
593 373 271
593 477 92
593 725 131
593 799 162
593 851 284
593 990 91
594 130 246
594 146 290
594 950 143
594 993 267
595 16 215
595 720 73
595 826 45
596 21 48
596 527 7
596 659 9
596 728 251
596 737 61
596 839 183
596 884 276
597 189 263
597 322 95
597 376 254
597 554 132
598 117 290
598 309 193
598 458 261
598 604 133
599 137 67
599 474 295
599 608 247
599 643 255
599 788 61
599 837 292
600 249 19
600 510 3
601 77 115
601 316 294
602 350 91
602 369 282
602 832 105
603 125 122
603 190 286
603 688 298
604 163 79
604 476 290
604 489 131
604 623 25
604 677 106
604 684 258
604 902 153
605 511 183
605 887 157
605 946 289
606 58 287
606 187 135
606 221 275
606 345 243
606 391 293
606 411 97
606 666 135
606 852 286
606 989 84
607 278 158
608 60 221
608 252 247
609 19 27
609 924 54
609 989 2
610 177 171
610 450 182
610 642 295
610 828 256
610 859 25
611 167 282
611 292 191
611 712 209
611 842 24
611 941 189
611 990 38
612 672 126
612 682 83
612 696 76
613 253 211
613 600 152
613 696 89
614 428 13
614 686 205
615 195 243
615 348 98
615 609 264
615 709 72
615 904 199
616 175 204
616 218 244
616 288 282
616 524 129
616 750 89
616 935 51
617 15 126
617 211 229
617 229 24
617 233 271
617 968 165
618 720 37
618 800 229
618 872 194
619 169 147
619 343 248
619 413 280
619 667 263
620 56 133
620 116 247
620 296 224
620 545 29
620 670 49
621 193 38
621 483 127
621 596 4
621 692 93
621 842 65
622 538 292
622 545 140
622 747 207
622 925 102
623 84 154
623 353 36
623 632 143
623 852 25
623 899 14
624 115 173
624 204 156
624 537 248
625 219 184
625 273 47
625 627 229
626 157 37
626 364 185
626 663 291
626 812 175
627 5 46
627 425 100
627 831 141
628 265 86
628 667 298
628 809 286
628 979 247
629 48 53
629 84 209
629 224 148
629 560 121
629 699 233
629 754 101
629 851 88
629 916 174
630 94 200
630 406 231
630 560 87
631 61 219
631 324 7
631 640 234
632 582 182
632 789 46
633 290 21
633 367 37
633 437 34
633 505 178
633 509 257
634 327 125
634 415 262
634 784 126
634 893 153
634 999 57
635 263 130
635 517 245
635 621 177
635 643 88
635 860 71
636 210 117
636 355 167
636 458 167
636 677 295
636 714 264
637 212 85
637 534 156
637 694 102
637 909 250
637 969 84
638 631 65
638 771 193
638 815 2
638 944 166
639 46 62
639 455 261
639 658 204
640 52 236
640 131 70
640 703 166
641 231 87
641 258 147
641 296 162
641 304 296
641 335 98
641 732 137
641 998 158
642 569 0
642 620 186
643 90 147
643 465 272
643 500 50
643 534 77
643 700 122
643 907 70
644 237 182
644 383 6
644 662 57
644 826 236
645 449 71
646 324 241
646 362 86
646 443 114
646 490 268
646 718 138
646 889 178
647 149 31
647 221 37
647 299 89
647 426 243
647 458 2
647 618 113
648 446 105
648 483 107
648 523 51
648 804 234
649 15 141
649 339 13
649 595 22
649 930 28
650 8 119
650 88 66
650 570 80
650 688 239
650 703 228
651 21 299
651 87 275
651 219 290
651 258 13
651 275 228
651 410 277
651 760 198
651 880 244
651 884 37
651 986 44
652 175 250
652 399 150
652 471 80
652 753 33
653 439 26
653 594 27
653 674 120
653 701 41
653 936 295
653 953 229
654 67 230
654 497 139
654 540 97
654 729 134
654 822 7
654 823 218
655 81 95
655 371 2
655 410 59
655 574 131
656 171 147
656 631 41
657 386 279
657 708 246
657 718 15
657 958 191
658 293 106
658 721 84
658 799 61
658 816 184
659 498 286
659 792 98
660 250 285
660 916 163
661 144 259
662 224 174
662 291 29
662 363 235
662 721 64
662 855 177
662 946 181
662 996 13
663 222 218
663 460 163
664 104 177
664 141 211
664 858 143
665 11 125
665 206 198
665 237 90
665 753 204
665 781 202
665 908 240
666 74 292
666 92 82
666 171 80
666 218 191
666 275 246
666 486 155
667 49 17
667 299 235
667 437 155
667 869 265
667 953 246
668 6 129
668 68 91
668 359 95
668 627 298
668 677 119
668 974 276
669 108 27
669 378 176
669 875 98
670 161 115
670 241 282
670 416 63
670 455 111
670 525 284
670 538 176
670 712 180
670 820 66
670 847 118
671 47 15
671 729 6
672 439 228
672 446 256
672 563 2
672 836 277
672 989 253
673 98 257
673 386 221
674 257 85
674 325 265
674 836 12
674 838 288
674 902 0
675 320 290
675 725 7
675 792 161
675 862 272
676 164 157
676 395 141
676 604 73
676 629 150
677 575 124
677 872 236
678 108 86
678 199 74
678 454 264
678 455 193
678 676 153
678 942 45
678 960 101
679 577 237
679 637 100
679 864 21
680 360 278
680 636 36
680 926 178
681 465 167
681 588 242
681 879 108
681 970 47
682 333 0
682 475 15
683 213 292
683 460 214
683 547 40
683 857 268
683 966 299
683 988 119
684 23 270
684 119 32
684 168 206
684 293 258
684 499 1
684 779 279
684 792 167
685 115 121
685 708 58
685 711 166
686 80 216
686 551 287
686 589 140
686 720 57
686 804 285
686 888 17
686 943 235
687 96 207
687 171 177
687 478 12
687 516 18
687 529 49
688 352 197
688 466 216
688 884 168
688 919 136
689 113 108
689 205 56
689 663 71
690 162 235
690 211 194
690 420 246
690 650 262
690 969 244
691 183 281
691 197 46
691 588 238
691 706 26
691 744 258
692 114 287
692 353 195
692 407 118
692 425 55
692 539 147
692 640 87
692 787 32
693 199 232
693 288 188
693 332 151
693 409 220
693 703 267
694 141 9
694 658 202
694 695 24
695 139 68
695 169 131
695 298 142
695 918 59
696 373 161
696 481 71
696 833 111
696 906 267
697 20 294
697 209 30
697 293 213
697 612 103
697 919 80
698 550 58
698 598 278
698 616 280
698 955 44
698 979 111
699 66 68
699 101 107
699 153 251
699 188 78
699 642 198
700 217 216
700 342 30
700 523 264
700 530 61
700 622 74
700 638 80
700 849 222
700 971 164
701 193 134
701 479 94
702 439 106
702 564 39
703 39 10
703 102 269
703 444 176
703 494 262
703 547 252
703 864 245
703 953 217
704 640 72
704 736 167
704 869 240
704 995 152
705 91 59
705 162 89
705 479 21
705 484 143
705 670 40
705 694 30
705 713 111
705 797 18
705 874 263
705 965 23
706 363 10
706 419 43
706 525 30
707 184 44
707 234 46
707 529 266
707 631 248
707 813 260
707 955 266
708 248 291
708 761 233
708 800 19
709 57 102
709 72 268
709 371 142
709 799 197
709 971 71
710 61 185
710 271 213
710 544 210
710 583 203
710 758 172
710 968 208
711 229 153
711 375 284
711 460 235
711 537 278
712 37 198
712 131 114
712 984 24
713 271 294
713 332 292
713 793 34
713 835 116
713 968 251
714 85 79
714 356 219
714 599 41
714 650 90
714 846 175
714 946 188
715 429 166
715 615 236
715 945 193
716 573 61
716 597 288
716 718 95
716 756 28
716 797 118
716 932 252
717 43 176
717 859 272
717 892 198
718 128 148
718 503 167
718 588 251
718 668 136
718 753 239
718 777 281
718 919 259
719 484 124
719 608 288
719 677 291
720 79 291
720 198 27
720 244 18
720 291 188
720 380 41
720 643 106
721 426 163
721 587 277
722 195 66
722 556 18
722 938 137
722 971 157
722 983 231
723 714 271
723 817 212
723 872 48
724 217 256
724 246 87
724 346 200
724 511 267
724 634 33
724 686 86
724 929 151
725 107 183
725 301 283
726 15 93
726 201 124
726 269 34
726 401 34
727 250 82
727 426 271
727 649 219
727 658 36
727 665 100
727 672 7
727 709 66
727 712 296
727 771 113
727 825 60
727 868 64
728 145 42
728 261 77
728 812 31
729 81 295
729 413 103
729 534 50
729 726 138
729 882 251
730 396 104
730 503 141
730 553 151
731 500 48
731 707 246
731 747 11
731 941 223
732 76 167
732 280 267
732 392 143
732 638 265
733 59 114
733 735 283
734 75 49
734 114 1
734 344 128
735 98 92
735 152 148
735 616 13
735 804 118
736 25 106
736 141 214
736 438 58
736 502 25
736 555 133
736 890 215
737 91 156
737 102 115
737 635 230
737 831 155
738 267 276
738 378 197
738 383 138
738 801 123
739 491 214
739 666 122
739 827 297
739 853 48
740 546 74
740 597 245
740 692 243
741 199 167
741 267 162
741 315 176
741 529 178
741 781 23
741 954 213
742 86 164
742 610 272
743 439 1
743 741 145
744 4 230
744 362 169
744 388 210
744 511 23
744 840 82
745 18 115
745 125 10
745 341 32
745 649 286
745 762 223
745 924 172
745 925 123
745 928 5
747 72 190
747 523 297
747 865 288
748 67 36
748 85 78
748 103 15
749 137 69
749 273 164
749 421 239
750 960 45
751 70 95
751 208 278
752 396 182
752 524 118
752 905 261
753 210 242
753 249 258
753 448 45
753 480 118
753 704 38
753 955 26
754 201 23
754 398 46
754 481 112
754 511 241
754 535 203
754 593 195
755 95 85
755 102 219
755 381 228
756 4 149
756 609 66
756 632 270
756 635 68
756 840 166
756 867 260
757 170 215
757 285 214
757 413 196
757 740 207
758 164 9
758 221 288
758 305 177
758 588 21
758 685 23
758 954 188
759 189 122
759 192 105
759 393 248
759 501 274
759 541 261
759 598 142
759 670 28
759 755 17
760 57 263
760 357 224
760 586 219
760 738 157
760 752 258
760 756 192
760 896 167
760 919 131
761 339 128
761 493 117
762 237 272
762 942 91
763 188 68
763 648 32
763 668 92
763 771 192
763 901 3
764 234 276
764 874 164
764 935 272
765 356 133
765 601 40
766 24 244
766 70 296
766 222 157
766 587 108
766 735 10
766 944 255
767 407 177
767 656 254
767 754 187
767 854 248
767 978 130
768 22 213
768 52 278
768 140 287
768 233 95
768 258 247
768 873 235
769 223 88
769 237 101
769 675 17
769 709 56
769 715 153
769 809 88
770 14 110
770 426 187
770 526 168
770 555 107
770 569 139
770 603 155
770 851 197
771 363 201
771 392 112
771 411 47
771 585 29
771 611 78
772 693 158
773 97 180
773 306 80
773 480 138
773 589 162
773 601 107
773 740 255
774 43 129
774 444 99
774 774 267
774 859 98
775 0 212
775 72 133
775 410 32
775 624 278
775 889 69
776 212 191
776 692 150
777 338 175
777 786 281
778 200 271
778 879 73
779 663 259
779 910 152
780 431 280
780 554 78
780 818 28
781 334 251
781 451 169
781 638 106
781 702 293
781 711 55
781 833 74
781 990 233
782 315 280
782 321 216
782 760 265
783 35 126
783 387 293
783 781 206
783 791 222
783 794 63
784 64 285
784 333 172
784 704 90
785 0 51
785 333 264
785 334 213
785 522 45
785 528 243
785 583 148
785 774 284
785 932 270
786 57 259
786 393 20
786 498 70
786 528 209
786 611 222
786 668 97
787 94 14
787 984 29
788 255 177
789 361 285
789 605 195
790 13 112
790 376 56
790 424 41
790 476 41
790 923 299
791 341 237
791 392 10
791 469 112
791 576 124
791 661 281
792 65 78
792 200 243
792 504 22
792 964 254
793 323 132
793 405 281
793 432 36
793 505 146
793 585 165
794 26 63
794 41 264
794 561 103
794 577 244
794 744 106
795 60 1
795 387 243
795 499 93
795 742 37
796 312 62
796 484 193
796 726 165
798 117 144
798 224 124
798 467 246
798 523 101
798 642 102
799 352 48
799 569 7
799 919 141
800 407 234
800 804 85
800 848 93
801 339 44
801 759 209
802 313 206
802 727 246
802 943 196
803 434 282
803 439 94
804 6 168
804 644 206
804 741 109
804 969 183
805 112 256
805 127 237
805 684 78
806 381 90
806 438 196
806 452 196
807 98 230
807 217 126
807 407 227
807 567 269
808 52 141
808 277 266
808 290 52
808 559 156
808 620 81
808 632 178
808 832 245
809 35 221
809 84 156
809 640 121
809 933 22
810 128 170
810 428 13
811 225 143
811 229 124
811 245 167
811 535 235
811 721 116
811 814 190
812 21 41
812 24 145
812 151 215
812 434 177
812 627 284
813 358 79
813 514 209
814 190 167
814 298 71
814 502 270
814 564 100
814 599 216
814 718 244
814 787 39
815 64 26
815 263 260
815 330 39
815 344 252
815 713 134
815 888 256
815 949 157
815 951 241
816 230 249
816 610 242
816 803 90
817 340 242
817 492 292
818 49 112
818 232 150
818 546 50
818 557 261
818 815 184
819 107 205
819 318 190
819 586 191
821 58 43
821 340 40
821 718 98
821 833 35
821 855 120
822 750 37
823 64 137
823 237 223
823 395 101
823 485 156
824 240 132
824 449 286
824 601 292
824 683 198
824 999 222
825 251 190
825 270 195
825 718 73
825 729 294
826 125 90
826 276 290
826 348 78
826 722 138
826 852 275
827 195 236
827 201 2
827 436 291
827 499 61
827 637 86
827 910 126
827 915 237
827 979 146
828 94 18
828 235 53
828 288 212
828 459 222
828 530 24
828 581 99
829 243 82
829 448 127
829 645 94
829 650 236
829 775 208
829 900 13
830 593 206
830 957 51
831 889 226
832 123 161
832 858 196
832 885 28
832 932 269
833 3 110
833 223 52
833 618 3
833 920 202
834 101 5
834 633 170
834 891 21
835 663 115
835 680 276
835 828 114
836 110 168
836 374 220
836 797 2
836 981 239
837 427 96
837 537 259
837 859 161
837 981 118
838 31 121
838 232 119
838 456 298
838 556 179
838 613 233
838 865 212
838 998 215
839 183 17
839 277 172
840 231 135
840 497 85
840 633 37
841 19 152
841 938 193
842 80 16
842 131 60
842 288 106
842 721 87
843 4 1
843 48 232
843 274 116
843 430 120
843 441 80
843 693 266
843 807 109
844 554 243
844 921 260
845 374 38
845 675 245
845 950 226
846 93 187
847 313 86
847 469 145
847 648 147
847 719 283
847 803 224
848 235 138
848 784 245
848 926 267
849 23 112
849 50 146
849 75 126
849 442 206
849 796 142
849 854 272
849 873 243
849 912 288
850 22 40
850 287 240
850 398 79
850 456 105
850 516 26
850 593 64
851 277 123
851 732 65
851 968 184
852 211 30
852 505 50
853 223 78
854 72 34
855 53 162
855 60 193
855 127 297
855 198 162
855 305 226
855 755 252
855 855 242
856 180 29
856 445 162
856 896 210
857 41 191
857 319 175
858 512 256
858 809 189
858 934 101
858 952 246
859 305 296
859 324 199
859 997 199
860 0 107
860 208 282
860 276 60
860 320 190
860 445 90
860 783 286
861 988 239
862 2 148
862 127 277
862 248 79
862 396 160
862 421 67
862 836 160
863 130 21
863 166 263
863 970 155
864 407 295
864 479 172
864 720 109
864 769 170
865 554 0
865 686 219
865 696 233
865 938 81
865 952 119
866 168 147
866 209 234
866 418 179
866 693 64
867 33 175
867 302 231
868 174 101
868 374 292
868 391 228
868 614 213
869 258 11
869 398 298
869 408 217
869 456 131
869 536 158
869 583 156
869 861 288
870 754 272
870 990 273
871 649 90
871 904 293
872 106 56
872 345 163
872 552 274
872 578 89
872 652 289
873 124 241
873 404 159
874 78 137
874 242 241
874 563 125
875 433 169
875 569 4
875 692 110
876 178 120
876 826 196
877 770 102
878 140 111
878 286 124
878 338 123
878 428 155
878 827 203
878 923 85
879 301 212
879 500 93
879 519 126
879 521 48
879 858 283
881 467 21
881 516 77
881 619 248
881 843 210
881 998 122
882 35 92
882 86 165
882 540 115
883 239 268
883 661 159
883 662 2
883 925 265
884 128 246
884 177 112
884 819 179
885 2 10
885 245 9
885 337 111
885 408 60
885 962 80
885 974 171
886 388 221
886 935 133
887 12 12
887 801 50
888 499 125
888 795 238
888 969 213
889 632 88
889 780 65
889 858 152
890 106 213
890 163 183
890 289 217
890 671 105
890 711 264
890 729 70
892 444 154
892 451 253
892 798 190
893 23 140
893 630 174
893 877 114
893 984 257
894 12 92
894 381 59
894 682 233
894 703 111
894 804 219
895 135 8
895 303 140
895 747 8
896 20 101
896 22 217
896 472 150
896 769 131
897 504 298
897 542 208
897 677 74
897 828 51
898 73 188
898 271 86
898 447 145
898 792 221
898 985 147
899 120 120
899 784 265
899 897 198
900 232 75
900 591 162
900 732 56
900 788 127
901 189 16
901 318 5
901 326 53
901 343 176
901 442 77
901 653 120
901 901 249
902 255 260
902 602 69
902 962 123
903 676 243
903 973 191
904 279 188
905 162 217
905 824 251
905 958 191
906 321 189
906 463 149
906 485 99
906 706 289
906 707 256
906 831 139
907 71 222
907 437 118
907 554 276
908 162 250
908 411 193
908 716 200
908 852 60
909 841 30
909 902 261
910 727 126
910 737 136
910 990 8
911 106 268
911 115 87
911 492 251
911 507 106
911 922 151
912 289 153
912 304 296
912 639 35
912 762 267
913 154 24
913 361 10
913 591 104
913 693 164
913 830 14
914 155 90
914 283 37
915 68 183
915 189 281
915 462 172
915 667 110
915 672 52
915 953 285
916 28 161
916 182 129
916 685 193
916 697 291
916 716 128
917 6 131
917 227 255
917 290 67
917 683 118
917 793 273
917 870 115
918 482 184
918 800 144
919 79 88
919 91 148
919 174 187
919 855 297
920 106 71
920 245 266
920 297 229
920 586 227
920 654 159
920 845 258
920 938 183
921 191 190
921 544 70
921 628 35
921 779 201
921 987 263
922 40 101
922 512 248
922 837 274
922 876 137
922 946 46
923 67 100
923 118 50
923 359 157
923 396 17
923 499 231
923 870 142
923 883 5
924 188 163
924 438 14
924 961 125
925 74 24
925 148 174
925 201 55
925 380 208
925 468 125
925 658 229
925 840 199
926 828 179
926 906 91
927 29 211
927 313 62
927 609 219
927 728 296
927 773 234
928 97 218
928 423 20
928 590 199
929 495 266
929 695 203
929 930 246
929 993 147
930 264 23
930 408 30
930 977 206
931 322 79
932 1 2
932 79 282
932 549 262
932 953 24
933 137 3
933 188 155
933 444 256
933 652 224
934 102 87
934 205 283
934 383 211
934 422 198
934 495 75
935 43 231
935 78 13
935 145 182
935 217 212
935 481 14
935 735 283
935 948 59
936 838 82
937 12 247
937 174 112
937 261 209
937 599 299
937 869 58
938 5 166
938 223 242
938 445 228
938 657 290
938 789 101
938 817 295
939 999 115
940 43 218
940 851 62
940 989 225
941 131 149
941 267 41
941 502 193
941 724 166
941 790 223
941 791 66
942 698 22
942 710 288
942 929 240
943 312 232
943 347 284
943 624 264
943 834 143
943 893 139
944 125 139
944 240 231
944 439 26
944 535 64
944 920 75
945 502 146
945 740 24
945 852 47
945 909 109
946 89 180
946 103 231
946 187 207
946 190 175
946 888 208
947 293 129
947 445 170
947 446 159
947 793 130
947 889 192
948 8 272
948 210 195
948 251 281
948 723 282
949 364 285
949 406 210
949 926 123
950 308 141
950 457 5
951 18 173
951 140 294
951 581 98
951 922 204
952 322 28
952 626 231
953 308 23
954 78 285
954 85 10
954 676 154
954 930 52
955 28 161
955 155 223
955 396 250
955 625 110
955 641 243
955 739 40
955 978 179
956 158 49
956 239 25
956 524 66
956 980 61
957 286 66
957 517 265
957 639 194
957 759 100
958 578 265
958 632 163
958 757 271
958 899 227
958 945 106
959 118 128
959 450 221
959 527 181
959 566 3
959 862 118
959 953 59
960 114 145
960 510 191
960 852 181
960 945 23
961 717 7
961 907 276
962 168 119
962 548 281
962 819 175
962 982 196
963 124 34
963 454 88
964 541 26
964 616 214
965 1 205
965 37 19
965 124 284
965 539 1
966 81 48
966 104 84
966 478 245
966 690 268
966 706 146
966 805 94
967 45 267
967 102 65
967 515 142
968 837 224
968 926 17
968 927 294
969 15 165
969 72 115
969 488 164
969 740 101
969 839 8
970 336 295
970 608 268
970 689 249
970 788 294
971 27 197
971 277 73
971 421 80
971 587 43
971 844 277
971 864 113
972 61 81
972 457 269
972 628 196
973 300 264
973 922 148
973 981 103
974 69 52
974 72 291
974 89 259
974 252 246
974 270 70
974 488 22
975 260 114
975 430 251
975 440 34
975 489 150
975 813 283
976 329 268
976 342 299
976 694 190
977 132 256
977 200 74
977 457 85
977 675 13
977 697 70
977 854 12
978 443 261
978 748 150
978 766 104
978 891 123
978 956 234
979 85 113
979 138 206
979 199 5
979 299 22
979 365 54
979 569 66
979 618 119
979 897 87
980 166 61
981 207 219
981 468 14
981 552 183
981 655 187
981 700 161
981 941 261
982 328 252
982 901 6
983 224 186
983 445 274
983 987 23
984 339 156
984 409 34
984 536 161
984 881 48
984 969 178
985 102 80
985 103 81
985 501 122
985 524 264
985 537 220
985 684 201
985 990 172
986 290 161
986 419 135
986 925 202
987 445 205
987 501 168
987 570 89
987 795 45
988 170 268
988 891 140
989 248 279
989 298 283
989 437 299
989 770 49
989 895 98
990 145 153
990 588 110
990 797 92
990 843 157
991 145 184
991 166 17
991 301 113
991 461 30
991 789 68
992 690 274
992 959 148
993 54 294
993 90 53
993 176 205
993 191 140
993 782 103
993 790 62
994 86 134
994 157 121
994 256 52
994 633 85
995 946 178
996 855 228
997 120 267
997 650 289
997 707 54
998 83 239
998 545 97
999 137 115
999 151 243
999 336 229
999 418 38
999 478 166
