800 1234
0 654 90
2 232 105
3 42 0
3 77 125
4 206 168
4 489 131
4 677 106
8 759 156
9 63 249
9 757 72
10 28 256
10 261 234
12 440 270
13 200 16
15 209 264
16 26 57
16 79 268
16 260 297
17 15 126
18 421 124
19 525 176
21 270 126
21 658 43
21 710 17
21 745 265
22 146 206
23 90 217
23 327 200
23 637 223
23 718 66
24 308 37
24 365 272
24 554 110
25 419 184
27 84 175
27 148 193
27 636 291
28 209 286
28 400 80
28 581 99
28 743 147
29 24 148
29 245 94
29 787 142
30 593 206
32 485 28
34 493 153
37 59 23
37 134 156
38 711 52
39 493 53
40 88 185
40 175 262
40 317 206
40 433 37
40 613 74
41 31 87
41 58 147
41 67 34
42 157 241
42 317 145
43 296 73
43 329 14
43 588 227
43 630 120
44 191 103
45 73 74
45 764 238
47 185 131
47 784 148
49 205 86
50 401 61
51 275 136
51 586 44
51 658 13
52 150 250
53 243 122
53 274 120
55 125 171
55 193 38
55 513 162
55 610 59
57 758 191
58 93 106
59 498 286
60 28 93
60 245 78
60 600 107
61 704 38
62 2 148
62 519 185
62 633 54
63 108 249
64 74 146
64 297 143
65 538 81
66 44 59
67 549 65
67 699 235
67 741 29
68 277 119
69 508 27
69 648 137
70 190 273
71 28 59
71 287 99
71 669 261
72 18 10
72 106 56
72 329 241
73 304 162
73 392 293
74 31 252
74 122 11
74 220 27
74 453 22
74 749 130
75 313 242
75 320 290
76 258 293
76 429 150
77 308 113
77 775 124
78 124 181
78 540 111
78 686 124
79 682 108
80 468 111
81 27 61
81 389 98
81 403 30
81 685 152
83 111 235
83 160 153
83 395 141
83 461 159
85 500 168
85 550 140
86 264 100
86 477 69
86 799 120
89 158 141
90 503 250
90 763 183
92 187 32
92 398 190
93 77 114
93 715 69
94 258 202
94 295 24
94 382 167
94 646 43
95 535 8
95 539 68
96 222 217
96 316 78
96 539 144
97 119 80
99 127 225
99 132 144
99 490 93
99 584 265
100 591 162
100 769 124
101 50 228
101 442 77
102 17 99
104 392 285
104 595 152
105 21 295
105 537 104
106 306 289
106 763 10
107 360 127
108 480 240
108 561 233
110 61 185
110 140 199
110 368 208
111 754 35
112 331 114
112 593 230
113 168 251
113 391 104
113 593 34
114 50 90
114 251 40
115 39 58
116 173 61
116 671 86
116 732 252
118 205 40
118 482 129
118 553 239
118 726 211
122 733 273
123 472 48
123 643 231
123 737 238
125 118 137
125 483 138
125 658 229
127 773 234
129 229 65
129 340 205
129 381 12
131 347 11
132 563 207
133 467 53
133 537 3
134 514 1
134 601 78
135 81 14
135 672 0
135 759 169
136 680 198
137 69 58
137 374 112
138 69 183
138 151 247
138 363 235
138 542 28
138 623 242
139 666 122
140 45 8
140 51 62
140 687 299
141 124 166
141 329 178
141 388 181
141 590 223
142 263 247
142 644 216
143 193 80
144 388 210
144 439 26
145 240 233
146 293 91
146 688 208
149 302 7
149 696 284
150 606 201
151 129 37
151 329 90
153 432 247
154 388 241
155 82 53
155 161 264
156 232 270
156 331 295
156 574 147
157 47 182
157 630 23
158 22 246
158 221 288
158 345 106
158 354 188
159 132 96
159 589 122
159 633 170
160 496 167
162 155 83
163 268 92
163 301 3
164 74 164
164 742 119
166 300 267
167 207 177
168 233 95
169 44 194
169 416 83
169 678 159
170 607 96
172 563 28
172 657 269
173 80 138
174 259 98
175 181 87
175 659 125
176 331 208
177 173 170
178 131 144
178 148 106
178 149 105
178 691 123
179 169 66
179 435 57
179 595 69
182 591 195
182 658 126
182 660 189
182 685 88
182 701 6
182 778 59
184 52 286
184 205 240
184 675 182
184 704 90
186 508 77
187 83 85
187 645 205
188 275 243
188 515 250
189 5 195
189 48 279
189 100 12
189 587 290
190 50 86
190 213 112
191 261 30
193 20 197
193 651 284
193 704 166
193 782 103
193 795 297
195 342 37
196 255 228
196 583 28
197 576 254
198 109 193
198 345 97
198 458 261
199 474 295
200 110 3
200 542 137
202 715 192
204 702 153
206 462 35
206 684 54
207 263 160
207 277 0
208 46 76
208 452 247
208 632 178
210 577 171
211 292 191
211 525 28
211 554 180
211 760 234
212 411 259
215 351 241
215 485 18
215 549 157
215 748 98
216 122 42
217 292 292
217 532 212
218 464 119
221 255 120
221 683 122
222 729 61
223 426 3
224 1 292
225 27 229
225 209 112
225 318 73
225 355 101
226 76 290
226 617 57
227 797 292
228 231 189
229 316 174
229 500 13
230 326 211
230 413 68
230 707 191
231 40 234
232 96 167
232 532 269
233 255 265
233 600 64
233 709 257
234 491 21
234 549 241
235 43 88
235 260 71
235 433 211
236 397 2
236 755 167
237 43 13
237 330 13
237 381 118
240 142 64
240 297 85
240 331 33
240 703 166
241 296 162
241 532 137
242 288 106
243 93 266
243 441 80
243 665 272
243 742 21
245 538 144
246 89 178
246 293 187
246 762 86
247 40 218
247 269 145
247 658 2
248 168 224
248 246 105
248 723 51
249 124 72
249 267 28
249 454 272
250 222 40
251 280 244
251 338 170
251 421 299
252 331 287
253 7 269
253 93 21
253 468 47
253 736 295
255 53 162
255 758 147
256 26 2
256 310 72
257 641 191
258 609 189
260 183 286
260 602 16
262 220 270
262 411 277
262 727 277
263 281 103
263 313 55
263 591 234
268 668 91
269 583 156
269 798 298
272 55 228
272 207 294
272 234 144
273 324 241
274 533 85
274 749 274
276 595 141
276 626 196
276 778 120
277 170 102
278 289 235
278 339 138
278 558 262
278 676 153
279 664 21
281 734 53
281 798 122
282 455 97
282 540 115
284 392 167
284 592 125
285 374 171
285 652 251
287 297 18
287 299 110
287 481 164
287 553 183
287 777 74
287 796 233
288 54 213
289 103 66
289 744 165
290 125 124
290 493 296
292 382 21
292 593 52
293 584 187
294 703 111
295 369 131
295 411 93
295 503 140
295 684 16
297 12 103
297 209 30
297 277 74
298 185 147
298 314 120
298 673 188
299 444 197
300 13 141
300 351 276
300 371 164
300 530 61
301 193 134
302 38 0
303 222 98
303 634 203
304 237 285
305 79 21
305 274 263
305 358 191
305 762 217
307 281 112
308 248 291
311 202 234
311 692 251
312 162 267
312 584 24
313 474 122
313 556 121
314 123 229
316 316 128
316 518 95
316 526 166
316 635 290
317 6 131
317 83 118
317 213 109
317 517 3
317 643 176
318 519 259
318 670 1
319 672 291
320 444 18
321 226 163
321 504 146
322 111 80
322 512 248
323 332 172
325 213 24
326 210 77
326 306 91
327 209 219
327 213 154
327 233 40
328 97 218
328 462 226
329 388 109
329 695 203
330 377 206
331 6 268
331 75 104
334 201 37
334 475 49
336 230 114
336 341 214
337 223 164
337 423 222
337 491 156
338 269 112
338 467 276
341 154 213
342 610 272
346 691 37
347 546 226
348 681 32
349 214 295
350 733 125
352 254 145
352 773 170
353 720 90
354 78 285
354 85 10
354 329 52
356 271 280
356 398 3
356 472 250
356 588 252
356 640 166
357 476 292
358 446 82
358 588 21
358 764 9
360 438 288
361 493 117
361 742 294
362 419 175
365 674 220
366 33 285
366 93 174
366 135 10
367 93 96
367 310 66
368 21 258
368 315 196
369 638 63
370 8 268
371 11 47
371 403 142
372 261 81
372 432 89
372 649 240
373 122 148
373 297 12
373 381 103
374 419 43
375 410 32
375 689 150
377 750 207
379 199 5
380 531 67
380 713 264
381 500 161
384 74 19
384 134 54
384 769 178
385 41 123
385 216 250
385 702 80
386 51 109
386 298 70
387 644 86
389 275 212
390 476 41
390 745 153
390 799 85
391 749 235
392 164 254
392 170 19
393 325 131
393 348 129
393 576 205
394 256 52
394 580 197
394 750 143
395 60 1
395 397 8
396 262 233
398 283 239
399 18 38
399 445 172
399 637 292
400 579 117
400 658 18
401 128 42
402 350 91
402 368 222
403 345 181
404 686 119
405 26 216
405 175 39
407 98 230
407 137 157
408 232 245
408 415 108
409 84 156
409 697 283
411 590 38
411 614 190
411 637 286
411 679 134
413 427 2
413 714 209
414 187 39
414 514 24
415 656 61
416 230 249
416 286 205
416 535 51
418 89 159
418 168 17
418 376 220
418 465 33
419 718 190
419 765 205
422 138 292
423 85 156
423 202 85
423 279 196
423 353 36
423 559 34
424 537 248
424 678 252
425 467 289
426 206 73
428 14 60
428 119 177
428 459 222
429 404 105
430 231 295
430 357 181
431 668 226
433 322 271
434 570 5
435 63 115
435 80 276
435 693 72
436 59 243
436 314 264
436 574 220
438 179 190
438 360 71
438 588 155
439 758 122
440 513 275
440 786 34
441 525 234
441 641 246
441 735 98
443 334 77
444 58 35
444 662 57
446 377 117
447 749 31
448 251 70
448 469 130
449 323 258
449 415 141
450 458 21
451 75 228
452 753 33
453 577 148
455 260 193
455 374 131
455 747 124
456 605 131
457 350 114
458 39 203
460 608 282
461 578 78
462 321 64
462 796 160
463 756 107
464 1 23
464 23 15
464 105 245
464 181 3
464 557 148
464 769 170
465 353 204
465 381 202
466 293 64
466 486 155
467 448 175
467 528 193
467 551 219
469 261 288
469 279 238
470 183 189
470 252 75
470 538 176
471 345 121
471 447 15
472 236 277
472 239 228
472 602 276
473 84 160
473 786 221
474 572 121
474 633 191
474 720 72
475 415 128
475 433 169
478 523 85
479 377 237
481 144 96
483 62 2
483 125 265
483 657 268
484 368 206
484 499 1
484 544 259
484 774 280
485 362 80
485 534 290
487 371 177
487 601 50
488 135 279
488 282 155
488 415 8
488 543 37
489 148 82
489 358 290
489 366 187
489 447 181
490 50 262
490 211 194
490 362 235
490 671 105
491 595 242
492 44 154
492 142 122
492 200 78
492 397 149
492 440 87
493 468 66
493 565 136
495 718 59
495 741 22
496 110 289
496 681 221
497 342 208
497 636 91
497 751 295
498 179 111
498 569 191
499 392 213
499 456 28
499 788 78
500 588 127
502 255 260
502 341 187
502 562 123
502 683 90
502 686 268
503 232 51
503 421 163
503 461 231
503 729 7
504 179 38
505 165 23
506 358 189
506 752 221
508 361 59
508 611 193
509 415 202
509 502 261
510 22 174
510 374 90
510 537 136
511 450 249
512 717 96
513 293 164
513 298 189
514 173 69
514 585 227
514 626 17
514 703 248
515 79 10
517 292 198
518 2 107
518 58 50
518 65 263
519 341 132
520 540 160
520 765 131
522 82 10
522 747 277
523 140 179
523 718 50
524 588 163
524 707 207
525 313 123
526 557 237
527 29 211
527 407 294
527 626 271
529 81 295
530 448 228
531 776 83
532 361 69
534 274 72
534 353 33
534 620 71
535 145 182
535 258 193
536 255 162
538 601 123
540 86 21
540 546 74
541 33 215
542 398 186
542 442 160
543 34 143
544 440 82
545 109 109
546 690 149
546 703 231
547 193 130
548 723 282
549 133 65
549 480 45
551 540 294
551 687 26
553 708 23
554 111 241
554 121 89
554 398 46
554 461 234
555 215 231
557 559 100
558 778 265
559 270 28
560 294 54
560 519 131
561 34 58
561 124 249
561 420 143
562 148 281
562 506 278
563 28 284
563 628 29
564 375 26
565 601 205
567 585 202
568 222 213
568 255 91
568 418 187
569 415 165
569 520 93
571 66 178
571 264 113
571 289 240
571 363 201
571 477 73
574 584 259
574 670 70
574 672 291
575 200 212
575 762 267
577 530 287
577 598 86
578 779 158
579 663 259
580 277 16
580 340 30
580 475 207
580 596 98
583 533 275
584 339 156
585 767 16
586 487 129
586 633 260
587 640 179
589 361 285
591 269 112
592 104 22
592 111 257
594 330 246
594 793 267
595 525 64
596 21 48
596 53 58
596 537 61
597 107 54
597 305 136
598 224 124
599 55 263
600 155 71
600 449 19
600 554 289
600 624 93
601 189 255
601 477 115
602 425 77
602 523 231
603 195 62
603 232 105
604 623 25
605 53 271
605 176 179
605 247 94
605 484 78
606 510 13
607 567 269
608 60 221
608 77 203
608 219 271
609 589 2
611 245 167
611 341 189
611 425 143
612 210 120
612 282 83
612 351 215
612 488 182
614 482 7
614 718 244
615 488 256
615 504 199
615 730 39
616 150 89
616 652 208
617 740 242
618 38 144
618 432 150
619 761 256
621 245 10
621 492 93
621 512 267
621 764 181
622 473 41
622 550 37
623 84 154
624 404 156
624 608 144
626 212 175
626 522 138
627 208 145
627 405 46
627 543 104
628 81 190
628 253 9
628 379 247
629 284 209
629 448 127
629 575 208
630 241 225
632 723 161
632 735 8
632 787 184
636 658 167
637 450 159
637 666 49
638 122 23
638 170 262
639 58 204
640 452 236
641 336 267
641 621 188
642 369 0
644 444 149
645 386 251
647 126 71
648 83 107
648 739 265
649 636 299
650 598 79
650 626 266
651 419 290
652 293 241
653 83 20
654 622 7
655 55 242
656 109 133
656 148 24
657 533 293
660 326 10
661 290 162
662 609 107
663 29 252
664 7 295
664 357 162
664 741 211
665 665 113
668 627 298
669 330 123
669 475 98
670 229 77
670 241 282
670 529 161
671 668 193
672 172 30
675 262 272
675 515 121
675 745 212
675 792 161
676 381 147
676 754 135
679 316 0
680 726 178
681 265 167
681 788 242
682 286 165
683 213 292
683 667 236
684 695 25
684 779 279
685 337 111
686 88 17
686 404 285
686 480 216
686 589 140
687 70 128
687 326 276
687 529 49
687 647 204
688 245 231
688 763 34
689 96 250
689 513 108
690 139 54
690 297 189
690 329 70
690 404 101
692 39 153
692 51 253
692 339 147
692 433 140
692 562 114
692 625 55
693 8 172
693 35 24
693 230 174
693 655 134
695 168 125
696 472 150
697 228 51
697 620 294
700 400 258
701 682 47
702 277 262
703 102 269
703 152 179
703 476 243
704 168 68
704 484 243
705 313 111
705 440 283
705 612 165
705 691 59
707 197 251
707 555 266
708 785 238
709 700 195
710 671 213
711 125 138
711 182 156
711 704 235
712 122 229
712 237 198
712 545 60
712 618 157
714 546 188
715 15 236
715 364 242
715 421 293
717 215 255
717 534 253
717 627 255
717 714 95
718 303 167
718 335 276
719 84 124
719 277 291
720 506 71
722 195 66
722 338 137
722 453 197
723 159 157
723 753 48
726 1 34
727 42 110
727 737 243
728 34 141
728 623 20
730 133 23
733 146 29
734 5 283
734 671 257
735 390 277
735 450 73
736 438 82
736 797 218
737 414 263
737 478 93
737 707 193
740 395 66
743 123 87
743 173 266
743 293 139
743 324 223
743 541 145
745 524 172
745 562 223
745 649 286
746 278 269
747 45 170
747 362 155
748 667 36
749 778 279
750 353 281
752 58 179
752 230 272
752 287 70
752 400 87
753 376 170
754 66 133
754 81 112
755 117 171
755 178 179
755 181 228
756 170 50
756 745 51
756 761 127
757 170 215
757 199 90
759 792 105
759 793 248
760 152 258
760 157 224
761 546 38
761 656 6
761 763 104
763 521 265
764 581 90
765 75 86
765 401 40
766 144 255
769 309 56
769 515 153
771 486 205
771 566 96
771 654 247
772 368 58
773 389 261
773 652 94
773 697 180
776 129 268
776 627 43
777 532 256
778 0 271
778 156 277
778 348 150
778 387 113
779 297 87
779 510 152
779 543 177
780 608 67
781 546 209
782 101 93
782 128 252
782 169 36
782 471 69
783 435 126
784 551 1
785 53 12
785 128 243
785 638 253
786 490 161
787 360 213
789 532 119
790 588 110
791 261 281
791 566 17
791 592 10
792 237 25
792 654 269
793 232 36
793 390 62
794 633 85
795 216 215
795 485 93
796 339 86
796 348 172
796 712 62
797 424 68
797 551 201
798 42 102
798 560 98
799 468 184
799 752 48
